Id,Name,Enabled,MinVirtue,MaxVirtue,Trader,Scavenger,Miner,BountyHunter,StationBuilder,Empire,Bandit,PassengerTransport,Explorer,Generic
1,Draco,1,0,1,,,,1,1,,1,,,
2,Delta,1,0,1,1,1,1,1,1,1,,1,1,1
3,Horizon,1,0,1,1,1,1,,1,1,,1,1,1
4,Pinnacle,1,0,1,1,1,1,1,1,1,,1,1,1
5,Saturn,1,0,1,1,1,1,1,1,,,1,1,1
6,Endeavour,1,0.5,1,1,1,1,,1,,,1,1,1
7,Arrow,1,0,1,1,1,1,,1,,,1,1,1
8,Globe,1,0,1,1,1,1,,1,,,1,1,1
9,Azure,1,0,1,1,1,1,1,1,,1,1,1,1
10,Coral,1,0,1,1,1,1,,1,,,1,1,1
11,Wave,1,0,1,1,1,1,,1,,,1,1,1
12,Comet,1,0,1,1,1,1,,1,,,1,1,1
13,Meteor,1,0,1,1,1,1,,1,,,1,1,1
14,Corona,1,0,0.2,1,1,1,1,1,,1,1,1,1
15,Frontier,FALSE,0,1,1,1,1,1,1,1,1,1,1,1
16,Genesis,1,0,1,1,1,1,,1,,,1,1,1
17,Empress,1,0,1,1,1,1,,1,,,1,1,1
18,Venus,1,0,1,1,1,1,1,1,,,1,1,1
19,Tiger,1,0,1,,,,1,1,,1,,,
20,Planet,1,0,1,1,1,1,1,1,,,1,1,1
21,Centauri,1,0,1,1,1,1,1,1,1,1,1,1,1
22,Epsilon,FALSE,0,1,,,,,,,,,,
23,Cygni,1,0,1,1,1,1,1,1,,1,1,1,1
24,Ceta,1,0,1,1,1,1,1,1,,1,1,1,1
25,Wolf,1,0,1,,1,,1,,,1,,1,
26,Northern,1,0.4,1,1,1,1,,1,,,1,1,1
27,Southern,1,0.4,1,1,1,1,,1,,,1,1,1
28,Royal,1,0.5,1,1,1,1,,1,,,1,1,1
29,Castle,1,0,1,1,1,1,,1,,,1,1,1
30,Peak,1,0,1,1,1,1,1,1,,,1,1,1
31,Polaris,1,0,1,1,1,1,1,1,1,,1,1,1
32,Sabre,1,0,1,,,,1,,,1,,,
33,Banshee,1,0,1,,,,1,,,1,,,
34,Sapphire,1,0,1,1,1,1,1,1,,,1,1,1
35,Pearl,1,0.5,1,1,1,1,1,1,,,1,1,1
36,Stellar,1,0,1,1,1,1,1,1,,,1,1,1
37,Aegis,1,0,1,,,,1,1,1,1,,,1
38,Titan,1,0,1,,,,1,,,,,,1
39,Typhoon,1,0,1,,,,1,1,,1,,,
40,Proton,1,0,1,1,1,1,1,1,,,1,1,1
41,Excalibur,1,0.6,1,1,1,1,1,1,,,1,1,1
42,Argon,1,0,1,1,1,1,1,1,1,,1,1,1
43,Aurora,1,0,1,,,,1,,,1,,,
44,Colt,1,0,1,,,,1,,,1,,,
45,Gamma,1,0,1,1,1,1,1,1,,1,1,1,1
46,Insight,1,0,1,1,1,1,1,1,,,,1,1
47,Storm,1,0,1,,,,1,,,1,,,
48,Vortex,1,0,1,,,,1,,,1,,,
49,Oceanic,1,0.4,1,1,,1,,1,1,,1,,1
50,Sentry,1,0,1,,,,1,,,,,,
51,Velocity,1,0,1,1,1,1,1,1,,,1,1,1
52,Atlas,1,0,1,1,1,1,1,1,,,1,1,1
53,Stallion,1,0,1,1,1,1,1,1,,,1,1,1
54,Anchor,1,0,1,1,1,1,1,1,1,,1,1,1
55,Summit,1,0,1,1,1,1,1,1,,,1,1,1
56,Lunar,1,0,1,1,1,1,1,1,,,1,1,1
57,Lynx,1,0,1,,,,1,,,1,,,
58,Bear,1,0,1,,,,1,,,1,,,1
59,Nova,1,0,1,,,,1,,,1,,,
60,Solar,1,0,1,1,1,1,1,1,,,1,1,1
61,Kestral,1,0.5,1,1,1,1,1,1,,1,1,1,1
62,Astral,1,0.5,1,1,1,1,1,1,,,1,1,1
63,Precision,1,0,1,1,1,1,1,1,1,,1,1,1
64,Monarch,1,0,1,1,1,1,1,1,1,,1,1,1
65,Falcon,1,0,1,,,,1,,1,1,,,
66,Talon,1,0,1,,,,1,,,1,,,
67,Blade,1,0,1,,,,1,,,1,,,
68,Merlin,1,0,1,1,1,1,,,,,1,1,1
69,Apollo,1,0,1,1,1,1,1,1,,1,1,1,1
70,Hermes,1,0,1,1,1,1,1,1,,,1,1,1
71,Demeter,1,0,1,1,1,1,1,1,,,1,1,1
72,Artemis,1,0,1,1,1,1,1,1,,,1,1,1
73,Hera,1,0,1,1,1,1,1,1,,,1,1,1
74,Gazelle,1,0,1,1,1,1,,1,,,1,1,1
75,Bulldog,1,0,1,1,1,1,1,1,,,1,1,1
76,Achilles,1,0,1,1,1,1,1,1,,,1,1,1
77,Lincoln,1,0.5,1,1,1,1,,,,,1,1,1
78,Newport,1,0,1,1,,1,,,,,1,,1
79,York,1,0,1,1,,1,,,,,1,,1
80,Windmill,1,0,1,1,,1,,,,,1,,1
81,Platinum,1,0,1,1,1,1,1,,,,1,1,1
82,Vedanta,1,0,1,1,,1,,,1,,1,,1
83,Bharat,1,0,1,1,,1,,,,,1,,1
84,Hassal,1,0,1,1,,1,,,,,1,,1
85,Irongate,1,0,1,1,1,1,,,,,1,1,1
86,Hightower,1,0,1,1,1,1,,,,,1,1,1
87,Hector,1,0,1,1,1,1,,,,,1,1,1
88,Bishop,1,0,1,1,1,1,,,,,1,1,1
89,Eagle,1,0,1,1,1,1,,,1,1,1,1,1
90,Bridgetown,1,0.5,1,1,1,1,,,,,1,1,1
91,Yeoman,1,0,1,1,1,1,,,,,1,1,1
92,Quartz,1,0,1,1,1,1,,,,,1,1,1
93,FirstPoint,1,0,1,1,,,,,,,1,,1
94,Brigend,1,0,1,1,,1,,,,,1,,1
95,Matrix,1,0,1,1,1,,1,1,,,1,1,1
96,Cosmic,1,0.5,1,1,,,,,,,1,,1
97,Greyhound,1,0,1,1,1,,,,,,1,1,1
98,Premier,1,0,1,1,,,,,,,1,,1
99,Spire,1,0,1,1,,,,,,1,,,1
100,Ace,1,0,1,1,,,,,,,1,,1
101,Lionheart,1,0,1,,,,,,,,,,1
102,Aladin,1,0,1,1,,,,,,,1,,1
103,Streamline,1,0,1,1,,,,,,,1,,1
104,Axis,1,,1,,,,,,,1,,,
105,Zion,1,0,1,1,,,,,,1,1,,1
106,Viking,1,0,1,1,1,1,1,,,,1,1,1
107,Sovereign,1,0,1,1,1,1,1,,,,1,1,1
108,Maver,1,0,1,1,1,1,1,,,,1,1,1
109,Midway,1,0,1,1,1,1,1,,,,1,1,1
110,Fang,1,0,1,,,,,,,1,,,
111,Avalon,1,0,1,1,1,1,,,,,1,1,1
112,Springfield,1,0,1,1,1,,,,,,,1,1
113,Haven,1,0,1,1,,,,,,,1,,1
114,Duke,1,0,1,1,,,,,,1,,,1
115,Archangel,1,0,1,,,,,,,1,,,
116,Coldsteel,1,0,1,,,1,,,,,,,
117,Douglas,1,0,1,1,,,,,,,1,,1
118,Magnum,1,0,1,,,,1,,,,,,
119,Sierra,1,0,1,1,1,1,1,,,1,1,1,1
120,Upland,1,0,1,1,,,,,,,,,1
121,Acorn,1,0.5,1,1,,,,,,,,,1
122,Hunters,1,0,1,,,,1,,,,,,
123,Mountain,1,0,1,1,,,,,,,1,,1
124,Oakfield,1,0,1,1,,,,,,,1,,1
125,Vintage,1,0,1,1,,,,,,,,,1
126,Valley,1,0,1,1,,,,,,,1,,1
127,Tactical,1,0,1,,,,1,,,,,,
128,Predator,1,0,1,,,,1,,,,,,
129,Forest,1,0,1,1,,,,,,,,,1
130,Sioux,1,0,1,1,,,,,,,1,,1
131,Hound,1,0,1,1,,,,,,,,,1
132,Prophet,1,0,1,,,,,,,1,,,
133,Firelight,1,0,1,,,,,,,1,,,
134,Ember,1,0,1,,,,,,,1,,,
135,Phantom,1,0,1,,,,,,,1,,,
136,Spirit,1,0,1,,,,,,,1,,,1
137,Zodiac,1,0,1,1,1,1,1,1,,1,1,1,1
138,Atlantic,1,0,1,1,1,1,1,1,,,1,1,1
139,Pacific,1,0,1,1,1,1,1,1,,,1,1,1
140,Mamba,1,0,1,,,,,,,1,,,
141,Komodo,1,0,1,,,,1,,,1,,,
142,Piranha,1,0,1,,,,,,,,,,
143,Apex,1,0,1,1,1,1,1,1,1,1,1,1,1
144,Dragon,1,0,1,,,,1,,,1,,,
145,Golden,1,0,1,1,1,1,,,,,1,1,1
146,Echo,1,0,1,1,1,1,,,,,1,1,1
147,Jaguar,1,0,1,1,1,1,1,1,,1,1,1,1
148,Leopard,1,0,1,1,1,1,1,1,,1,1,1,1
149,Python,1,0,1,1,1,1,1,1,,1,1,1,1
150,Badger,1,0.5,1,1,,,,,,,1,,1
151,Polar,1,0,1,1,1,1,,,,,1,1,1
152,Osprey,1,0,1,1,1,1,1,,,,1,1,1
153,Crown,1,0,1,1,,,,,,,1,,1
154,Talisman,1,0,1,1,,,,,,,1,,1
155,Heron,1,0,1,1,,1,,,,,1,,1
156,Harrier,1,0,1,1,,,,,,,1,,1
157,Caiman,1,0,1,1,,,,,,,1,,1
158,Goliath,1,0,1,1,,1,,,,,,,1
159,Crest,1,0,1,1,1,1,,,,,1,1,1
160,Compass,1,0,1,1,,,,,,,1,,1
161,Phoenix,1,0,1,,,,1,,,1,,,
162,Hydra,1,0,1,,,,1,,,1,,,
163,Virus,1,0,1,,,,,,,1,,,
164,Zera,1,0,1,1,1,1,1,1,,,1,1,1
165,Capstan,1,0,1,,,,,,,,1,,
166,Binnacle,1,0,1,1,1,1,1,1,,,1,1,1
167,Bowman,1,0,1,1,1,1,1,1,,,1,1,1
168,Cardinal,1,0,1,1,1,,1,1,,,1,1,1
169,Rapid,FALSE,0,1,,,,,,,,,,
170,Pace,1,0,1,1,,,,,,,1,,
171,Lombard,1,0,1,1,1,1,,1,,,1,1,1
172,Mount,1,0,1,1,1,,,,,,1,1,
173,Vesuvius,1,0,1,1,1,1,,,,,1,1,
174,Pompeii,1,0,1,1,1,1,,,,,1,1,1
175,Hercula,1,0,1,1,1,1,,,,,1,1,1
176,Oplontis,1,0,1,1,1,1,,,,,1,1,1
177,Constantin,1,0,1,1,1,1,,,,,1,1,1
178,Carthage,1,0,1,1,1,1,,,,,1,1,1
179,Massa,1,0,1,1,1,1,,,,,1,1,1
180,Mursa,1,0,1,1,1,1,,,,,1,1,1
181,Venta,1,0,1,1,1,1,,,,,1,1,1
182,Castra,1,0,1,1,1,1,,,,,1,1,1
183,Salona,1,0,1,1,1,1,,,,,1,1,1
184,Aelius,1,0,1,1,1,1,,,,,1,1,1
185,Sostra,1,0,1,1,1,1,,,,,1,1,1
186,Calisa,1,0,1,1,1,1,,,,,1,1,1
187,Portis,1,0,1,1,1,1,,,,,1,1,1
188,Berytus,1,0,1,1,1,1,,,,,1,1,1
189,Brixia,1,0,1,1,1,1,,,,,1,1,1
190,Capula,1,0,1,1,1,1,,,,,1,1,1
191,Finzona,1,0,1,1,1,1,,,,,1,1,1
192,Pulsa,1,0,1,1,1,1,,,,,1,1,1
193,Cerium,1,0,1,1,1,1,,,,,1,1,1
194,Ternium,1,0,1,1,1,1,,,,,1,1,1
195,Tachyon,1,0,1,1,1,1,,,,,1,1,1
196,Teness,1,0,1,1,1,1,,,,,1,1,1
197,Pontos,1,0,1,1,1,1,,,,,1,1,1
198,Poseidon,1,0,1,1,1,1,,,,,1,1,1
199,Scylla,1,0,1,1,1,1,,,,,1,1,1
200,Triton,1,0,1,1,1,1,,,,,1,1,1
201,Thetis,1,0,1,1,1,1,,,,,1,1,1
202,Tethys,1,0,1,1,1,1,,,,,1,1,1
203,Gaia,1,0,1,1,1,1,,,,,1,1,1
204,Parall,1,0,1,1,1,1,,,,,1,1,1
205,Olantos,1,0,1,1,1,1,,,,,1,1,1
206,Epione,1,0,1,1,1,1,,,,,1,1,1
207,Luxar,1,0,1,1,1,1,,,,,1,1,1
208,Opus,1,0,1,1,1,1,,,,,1,1,1
209,Boreas,1,0,1,1,1,1,,,,,1,1,1
210,Iris,1,0,1,1,1,1,,,,,1,1,1
211,Cronos,1,0,1,1,1,1,,,,,1,1,1
212,Helius,1,0,1,1,1,1,,,,,1,1,1
213,Cabiri,1,0,1,,,1,,,,,,,
214,Hestia,1,0,1,1,,,,,,,,,
215,Plutus,1,0,1,1,,,,,,,,,
216,Anteros,1,0,1,1,1,,,,,,1,1,1
217,Chartis,1,0,1,,,,,,,,,1,
218,Demius,1,0,1,1,,,,,,,,,
219,Soleria,1,0,1,1,1,1,,,,,1,1,1
220,Ascension,1,0,1,1,1,1,,,,,1,1,1
221,Techna,1,0,1,1,1,1,,,,,1,1,1
222,Lakeside,1,0,1,1,,,,,,,1,,
223,Caesar,1,0,1,,1,,,,,,1,1,
224,Rushmere,1,0,1,1,,,,,,,,,
225,Newtown,1,0,1,1,,,,,,,,,
226,Kingside,1,0,1,1,,,,,,,,,
227,QueensGate,1,0,1,1,,,,,,,,,
228,Harbourside,1,0,1,1,,,,,,,,,
229,Marple,1,0,1,1,,,,,,,,,
230,Darwen,1,0,1,1,,,,,,,,,
231,Silverside,1,0,1,1,1,,,,,,1,1,1
232,Deepdale,1,0,1,1,1,,,,,,,,
233,NewFalls,1,0,1,1,,,,,,,,,
234,Coalman,1,0,1,1,,,,,,,,,
235,Aigas,1,0,1,1,1,,,,,,1,1,
236,Tarland,1,0,1,1,1,,,,,,1,1,
237,Far Isle,1,0,1,1,1,,,,,,,,
238,Clement,1,0,1,1,1,,,,,,,,
239,Noble,1,0.65,1,1,1,,,,,,,,
240,Palatine,1,0,1,1,1,,,,,,,,
241,Imperial,1,0,1,1,1,1,,,,,,,
242,Emperor,1,0,1,1,1,1,,,,,,,
243,Tetra,1,0,1,1,1,1,,,,,1,1,1
244,Buffalo,1,0,1,1,1,1,,,,,1,1,1
245,Capelin,1,0,1,1,1,1,,,,,1,1,1
246,Emerald,1,0,1,1,1,1,,,,,1,1,1
247,Hussar,1,0,1,1,,,,,,,,,
248,Whitetail,1,0,1,1,,,,,,,,,
249,Marlin,1,0.5,1,1,,,,,,,,,
250,Marble,1,0,1,1,,,,,,,,,
251,Stalker,1,0,1,,,,1,,,,,,
252,Longfin,1,0,1,1,,,,,,,,,
253,Lancet,1,0,1,1,,,,,,,,,
254,Lionmane,1,0,1,1,,,,,,,,,
255,Hammerhead,1,0,1,,,,1,,,1,,,
256,Fireside,1,0,1,1,1,1,,,,,,,1
257,Deepwater,1,0,1,1,,,,,,,,,
258,Cantilever,1,0,1,1,,,,,,,,,
259,Verona,1,0,1,1,1,1,,,,,1,1,
260,Ankara,1,0,1,1,,,,,,,,,
261,Pazar,1,0,1,1,,,,,,,,,
262,Bursa,1,0,1,1,,,,,,,,,
263,Adana,1,0,1,1,,,,,,,,,
264,Atalanta,1,0,1,1,,,,,,,,,
265,Pelican,1,0.5,1,1,,,,,,,,,
266,Portside,1,0,1,1,,,,,,,,,
267,Bowsprit,1,0.5,1,1,,,,,,,,,
268,Mizzen,1,0,1,1,,,,,,,,,
269,Starboard,1,0.7,1,1,,,,,,,,,
270,Signal,1,0,1,1,,,,,,,,,
271,Bridgehouse,1,0,1,1,,,,,,,,,
272,Voyager,1,0.5,1,1,,,,,,,1,1,1
273,Steelcastle,1,0,1,1,,,,,,,,,
274,Barnacle,1,0.6,1,1,,,,,,,,,
275,Greyland,1,0,1,1,,,,,,,1,,1
276,Atomic,1,0,1,1,,,,,,,1,,
277,Cerulean,1,0.5,1,1,,,,,,,,,
278,Celadon,1,0.5,1,1,,,,,,,,,1
279,Saffron,1,0.5,1,1,,,,,,,,,
280,Persimmon,1,0,1,1,,,,,,,,,
281,Portland,1,0,1,1,1,1,,,,,1,1,
282,Rosso,1,0,1,1,1,,,,,,1,1,
283,Xanadu,1,0,1,1,1,1,,,,,1,1,1
284,Cobalt,1,0,1,1,,1,,,,,,,
285,Copperbelt,1,0.5,1,1,,1,,,,,,,
286,Rocksalt,1,0.8,1,1,,,,,,,,,
287,Isotope,1,0.9,1,1,,,,,,,,,
288,DeepSea,1,0.7,1,1,,,,,,,,1,
289,Nitrous,1,0.5,1,1,,,,,,,1,1,1
290,Kyoto,1,0,1,1,1,,,,,,1,1,
291,Brunic,1,0,1,1,1,,,,,,1,,
292,Evergem,1,0,1,1,1,,,,,,1,1,
293,Vorden,1,0,1,1,1,,,,,,1,1,
294,Assen,1,0,1,1,1,,,,,,1,1,
295,Turosi,1,0,1,1,1,1,,,,,1,1,
296,Osaka,1,0,1,1,1,,,,,,,,1
297,Nikko,1,0,1,1,1,,,,,,,,1
298,Tendo,1,0,1,1,1,1,,,,,1,1,1
299,Noda,1,0,1,1,1,,,,,,,,
300,Mutsu,1,0,1,1,1,,,,,,,,1
301,Vamada,1,0,1,1,1,,,,,,,,1
302,Shirano,1,0,1,1,1,1,,,,,,,
303,Lakuba,1,0,1,1,1,,,,,,,,1
304,Nanto,1,0,1,1,1,,,,,,,,1
305,Usuki,1,0,1,1,1,,,,,,,,1
306,Kang,1,0,1,1,1,1,,,,,,,1
307,Yanshan,1,0,1,1,1,,,,,,,,1
308,Wanzai,1,0,1,1,1,,,,,,,,1
309,Lipuzen,1,0,1,1,1,,,,,,,,1
310,Sundown,1,0.9,1,1,,,,,,,,,
311,Starline,1,0,1,1,,,,,,,1,1,
312,Yorktown,1,0,1,1,1,,,,,,,,
313,Kwarta,1,0,1,1,1,,,,,,,,1
314,Silica,1,0,1,1,,,,,,,,,
315,Avira,1,0,1,1,,,,,,,,,1
316,Cancri,1,0,1,1,1,,,,,,,1,1
317,Capella,1,0,1,1,1,,,,,,,1,1
318,Persei,1,0,1,1,1,1,,,,,1,1,1
319,Tauri,1,0,1,1,1,1,,,,,1,1,1
320,Leonis,1,0,1,1,1,,,,,,1,1,1
321,Eridani,1,0,1,1,1,,,,,,1,1,1
322,Lyncis,1,0,1,1,1,,,,,,1,1,1
323,Pegasi,1,0,1,1,1,,,,,,1,1,1
324,Balat,1,0,1,1,1,,,,,,1,1,1
325,Matadi,1,0,1,1,1,,,,,,1,1,1
326,Kruger,1,0,1,1,1,,,,,,1,1,1
327,Mansa,1,0,1,1,1,,,,,,1,1,1
328,Achna,1,0,1,1,1,,,,,,1,1,1
329,Balmora,1,0,1,1,1,,,,,,1,1,1
330,Zalkirk,1,0,1,1,1,,,,,,1,1,1
331,Skail,1,0,1,1,1,,,,,1,1,1,1
332,Morar,1,0,1,1,1,,,,,,,,
333,Aberon,1,0,1,1,1,,,,,,1,1,1
334,Ennis,1,0,1,1,1,,,,,,,,
335,East Bay,1,0.5,1,1,,,,,,,,,
336,Salco,1,0,1,1,1,,1,,,,,,1
337,Penza,1,0,1,1,1,,,,,,,,1
338,Mortka,1,0,1,1,1,,,,,,,,1
339,Laryan,1,0,1,1,1,,,,,,,,1
340,Suntar,1,0,1,1,1,,,,,,,,1
341,Tanda,1,0,1,1,1,,,,,,,,1
342,Harbin,1,0,1,1,,,,,,,,,
